<?xml version="1.0"?>
<opencv_storage>
<cam1_intrinsics type_id="opencv-matrix">
  <rows>3</rows>
  <cols>3</cols>
  <dt>d</dt>
  <data>
    8.4184882047890881e+01 0. 2.9773547931985308e+02 0.
    8.4184882047890881e+01 2.4344773147572070e+02 0. 0. 1.</data></cam1_intrinsics>
<cam2_intrinsics type_id="opencv-matrix">
  <rows>3</rows>
  <cols>3</cols>
  <dt>d</dt>
  <data>
    8.4184882047890881e+01 0. 2.9773547931985200e+02 0.
    8.4184882047890881e+01 2.4344773147572008e+02 0. 0. 1.</data></cam2_intrinsics>
<cam1_distorsion type_id="opencv-matrix">
  <rows>1</rows>
  <cols>5</cols>
  <dt>d</dt>
  <data>
    -6.5843321844829212e-03 -7.3969889969502015e-06 0. 0.
    8.9256517816675033e-08</data></cam1_distorsion>
<cam2_distorsion type_id="opencv-matrix">
  <rows>1</rows>
  <cols>5</cols>
  <dt>d</dt>
  <data>
    -6.5843321844829212e-03 -7.3969889969502015e-06 0. 0.
    8.9256517816675033e-08</data></cam2_distorsion>
<R type_id="opencv-matrix">
  <rows>3</rows>
  <cols>3</cols>
  <dt>d</dt>
  <data>
    6.7226767320134606e-01 3.6364057596301763e-01 6.4484238933380678e-01
    -6.0561066457680945e-01 7.7111323534227749e-01
    1.9651997667107621e-01 -4.2578386362012732e-01
    -5.2263745540599171e-01 7.3861911137437186e-01</data></R>
<T type_id="opencv-matrix">
  <rows>3</rows>
  <cols>1</cols>
  <dt>d</dt>
  <data>
    -1.2268248378626152e+01 -1.0991191899190046e+01
    1.1093778248264815e+01</data></T>
</opencv_storage>
