<?xml version="1.0"?>
<opencv_storage>
<cam1_intrinsics type_id="opencv-matrix">
  <rows>3</rows>
  <cols>3</cols>
  <dt>d</dt>
  <data>
    1.0545633717331506e+02 0. 3.1886694229462296e+02 0.
    1.0545633717331506e+02 2.3993700505856739e+02 0. 0. 1.</data></cam1_intrinsics>
<cam2_intrinsics type_id="opencv-matrix">
  <rows>3</rows>
  <cols>3</cols>
  <dt>d</dt>
  <data>
    1.0545633717331506e+02 0. 3.1886694229420669e+02 0.
    1.0545633717331506e+02 2.3993700505834016e+02 0. 0. 1.</data></cam2_intrinsics>
<cam1_distorsion type_id="opencv-matrix">
  <rows>1</rows>
  <cols>5</cols>
  <dt>d</dt>
  <data>
    -5.0793540351819618e-03 -5.5849911752328864e-06 0. 0.
    4.5279737512538385e-10</data></cam1_distorsion>
<cam2_distorsion type_id="opencv-matrix">
  <rows>1</rows>
  <cols>5</cols>
  <dt>d</dt>
  <data>
    -5.0793540351819618e-03 -5.5849911752328864e-06 0. 0.
    4.5279737512538385e-10</data></cam2_distorsion>
<R type_id="opencv-matrix">
  <rows>3</rows>
  <cols>3</cols>
  <dt>d</dt>
  <data>
    8.1768796419549472e-01 -3.2403417680364804e-01
    4.7580273798393535e-01 2.8659611645180610e-01 9.4596514346861926e-01
    1.5169908825414019e-01 -4.9924849448402953e-01
    1.2320698258491566e-02 8.6637124903233786e-01</data></R>
<T type_id="opencv-matrix">
  <rows>3</rows>
  <cols>1</cols>
  <dt>d</dt>
  <data>
    -9.5773111822519716e+00 -2.9347051017228027e+00
    1.9612042345726750e+00</data></T>
</opencv_storage>
