<?xml version="1.0"?>
<opencv_storage>
<cam1_intrinsics type_id="opencv-matrix">
  <rows>3</rows>
  <cols>3</cols>
  <dt>d</dt>
  <data>
    4.8791568762013384e+01 0. 3.0490320902078804e+02 0.
    4.8791568762013384e+01 2.3525223568857700e+02 0. 0. 1.</data></cam1_intrinsics>
<cam2_intrinsics type_id="opencv-matrix">
  <rows>3</rows>
  <cols>3</cols>
  <dt>d</dt>
  <data>
    4.8791568762013384e+01 0. 3.0490320902078804e+02 0.
    4.8791568762013384e+01 2.3525223568857700e+02 0. 0. 1.</data></cam2_intrinsics>
<cam1_distorsion type_id="opencv-matrix">
  <rows>1</rows>
  <cols>5</cols>
  <dt>d</dt>
  <data>
    -1.5973524611037591e-02 -8.9366228713033563e-05 0. 0.
    1.6919438924566035e-06</data></cam1_distorsion>
<cam2_distorsion type_id="opencv-matrix">
  <rows>1</rows>
  <cols>5</cols>
  <dt>d</dt>
  <data>
    -1.5973524611037591e-02 -8.9366228713033563e-05 0. 0.
    1.6919438924566035e-06</data></cam2_distorsion>
<R type_id="opencv-matrix">
  <rows>3</rows>
  <cols>3</cols>
  <dt>d</dt>
  <data>
    -2.8437565841195267e-01 -8.9323346979040397e-01
    3.4823046011077746e-01 6.3215597444547578e-01 9.8373052797291360e-02
    7.6857111997279204e-01 -7.2076994171209652e-01
    4.3869888412159952e-01 5.3668797284344261e-01</data></R>
<T type_id="opencv-matrix">
  <rows>3</rows>
  <cols>1</cols>
  <dt>d</dt>
  <data>
    2.4205554652138172e+01 -2.0207794614721611e-01
    2.1574682937688905e+01</data></T>
</opencv_storage>
