<?xml version="1.0"?>
<opencv_storage>
<cam1_intrinsics type_id="opencv-matrix">
  <rows>3</rows>
  <cols>3</cols>
  <dt>d</dt>
  <data>
    854.7394 0. 332.4866 0.
    853.1438 236.0815 0. 0. 1.</data></cam1_intrinsics>
<cam2_intrinsics type_id="opencv-matrix">
  <rows>3</rows>
  <cols>3</cols>
  <dt>d</dt>
  <data>
    856.8070 0. 317.1195 0.
    855.5160 239.5125 0. 0. 1.</data></cam2_intrinsics>
<cam1_distorsion type_id="opencv-matrix">
  <rows>1</rows>
  <cols>5</cols>
  <dt>d</dt>
  <data>
    -1.4691585205322504e-02 1.8793855281389744e-06
    -1.8457152860933516e-03 2.0133841687689943e-02 0.</data></cam1_distorsion>
<cam2_distorsion type_id="opencv-matrix">
  <rows>1</rows>
  <cols>5</cols>
  <dt>d</dt>
  <data>
    -2.8274829561887203e-03 -9.6153946233857422e-06
    -4.0855400124916010e-05 4.4832311034412745e-03 0.</data></cam2_distorsion>
<R type_id="opencv-matrix">
  <rows>3</rows>
  <cols>3</cols>
  <dt>d</dt>
  <data>
    0.9994 -0.0131
    0.0314 0.0129
    0.9999 0.0063
    -0.0315 -0.0059 0.9995</data></R>
<T type_id="opencv-matrix">
  <rows>3</rows>
  <cols>1</cols>
  <dt>d</dt>
  <data>
    -77.1213 -4.0159 4.2431</data></T>
</opencv_storage>
