<?xml version="1.0"?>
<opencv_storage>
<cam1_intrinsics type_id="opencv-matrix">
  <rows>3</rows>
  <cols>3</cols>
  <dt>d</dt>
  <data>
    7.9228830726422916e+02 0. 3.3285400861158001e+02 0.
    7.9338738802549290e+02 2.3747293084632602e+02 0. 0. 1.</data></cam1_intrinsics>
<cam2_intrinsics type_id="opencv-matrix">
  <rows>3</rows>
  <cols>3</cols>
  <dt>d</dt>
  <data>
    7.9780330861840639e+02 0. 3.3092759836668966e+02 0.
    7.9722490081490457e+02 2.3813932025602801e+02 0. 0. 1.</data></cam2_intrinsics>
<cam1_distorsion type_id="opencv-matrix">
  <rows>1</rows>
  <cols>5</cols>
  <dt>d</dt>
  <data>
    -6.1032893436075680e-02 9.5520501046189987e-01
    1.7772995971225469e-03 1.5876405350251496e-03 0.</data></cam1_distorsion>
<cam2_distorsion type_id="opencv-matrix">
  <rows>1</rows>
  <cols>5</cols>
  <dt>d</dt>
  <data>
    -5.4008169330103314e-02 -3.1486626826950798e-01
    2.2739074329138745e-04 1.3168919148992477e-03 0.</data></cam2_distorsion>
<R type_id="opencv-matrix">
  <rows>3</rows>
  <cols>3</cols>
  <dt>d</dt>
  <data>
    9.6440243743744491e-01 -4.2578990701574573e-02
    2.6098844460157689e-01 4.6325544897281731e-02 9.9889259646518735e-01
    -8.2173363693069795e-03 -2.6034953918661941e-01
    2.0015251131865076e-02 9.6530694971467157e-01</data></R>
<T type_id="opencv-matrix">
  <rows>3</rows>
  <cols>1</cols>
  <dt>d</dt>
  <data>
    -2.4907119917284351e+02 -1.8723562546236561e+00
    3.7089749486404209e+01</data></T>
</opencv_storage>
