<?xml version="1.0"?>
<opencv_storage>
<cam1_intrinsics type_id="opencv-matrix">
  <rows>3</rows>
  <cols>3</cols>
  <dt>d</dt>
  <data>
    2.5644866617179900e+02 0. 3.1582167217551131e+02 0.
    3.7957763959316949e+01 2.5907209544136305e+02 0. 0. 1.</data></cam1_intrinsics>
<cam2_intrinsics type_id="opencv-matrix">
  <rows>3</rows>
  <cols>3</cols>
  <dt>d</dt>
  <data>
    6.4389128973982238e+01 0. 3.1245356441001218e+02 0.
    2.7987669005039962e+01 2.3798146248798975e+02 0. 0. 1.</data></cam2_intrinsics>
<cam1_distorsion type_id="opencv-matrix">
  <rows>1</rows>
  <cols>5</cols>
  <dt>d</dt>
  <data>
    -2.6196130553241020e-02 1.5243505006579038e-04
    4.6935688044794357e-03 -3.3426712848973264e-03 0.</data></cam1_distorsion>
<cam2_distorsion type_id="opencv-matrix">
  <rows>1</rows>
  <cols>5</cols>
  <dt>d</dt>
  <data>
    -1.2807578894006926e-02 4.3133975093152674e-05
    3.9498046108696330e-03 -9.9757411619536655e-03 0.</data></cam2_distorsion>
<R type_id="opencv-matrix">
  <rows>3</rows>
  <cols>3</cols>
  <dt>d</dt>
  <data>
    7.9778701947872988e-01 4.3226712099031478e-01
    -4.2033439980804482e-01 -4.5275001595227388e-01
    8.8988732827130268e-01 5.5838750320710652e-02 3.9818751186653317e-01
    1.4575897602860505e-01 9.0564950521746113e-01</data></R>
<T type_id="opencv-matrix">
  <rows>3</rows>
  <cols>1</cols>
  <dt>d</dt>
  <data>
    -6.7975924686366600e+00 -3.4007798050796225e+00
    2.7779630351255875e+01</data></T>
</opencv_storage>
