<?xml version="1.0"?>
<opencv_storage>
<cam1_intrinsics type_id="opencv-matrix">
  <rows>3</rows>
  <cols>3</cols>
  <dt>d</dt>
  <data>
    8.5412653695726578e+02 0. 3.2214447224737643e+02 0.
    8.5426297926686334e+02 2.3748630164326053e+02 0. 0. 1.</data></cam1_intrinsics>
<cam2_intrinsics type_id="opencv-matrix">
  <rows>3</rows>
  <cols>3</cols>
  <dt>d</dt>
  <data>
    8.5412653695726578e+02 0. 3.1963321861783947e+02 0.
    8.5426297926686334e+02 2.4068985305601865e+02 0. 0. 1.</data></cam2_intrinsics>
<cam1_distorsion type_id="opencv-matrix">
  <rows>1</rows>
  <cols>5</cols>
  <dt>d</dt>
  <data>
    -1.4691585205322504e-02 1.8793855281389744e-06
    -1.8457152860933516e-03 2.0133841687689943e-02 0.</data></cam1_distorsion>
<cam2_distorsion type_id="opencv-matrix">
  <rows>1</rows>
  <cols>5</cols>
  <dt>d</dt>
  <data>
    -2.8274829561887203e-03 -9.6153946233857422e-06
    -4.0855400124916010e-05 4.4832311034412745e-03 0.</data></cam2_distorsion>
<R type_id="opencv-matrix">
  <rows>3</rows>
  <cols>3</cols>
  <dt>d</dt>
  <data>
    9.9977411596702592e-01 -1.3235997611068678e-02
    1.6629053177839560e-02 1.3132040559933954e-02 9.9989363797639152e-01
    6.3452537434773104e-03 -1.6711270241483174e-02
    -6.1254470511667635e-03 9.9984159362638014e-01</data></R>
<T type_id="opencv-matrix">
  <rows>3</rows>
  <cols>1</cols>
  <dt>d</dt>
  <data>
    -7.7247031080099248e+01 -3.9908727450878283e+00
    2.9755015443166712e+00</data></T>
</opencv_storage>
