<?xml version="1.0"?>
<opencv_storage>
<cam1_intrinsics type_id="opencv-matrix">
  <rows>3</rows>
  <cols>3</cols>
  <dt>d</dt>
  <data>
    8.5412653695726578e+02 0. 3.2214447224737643e+02 0.
    8.5426297926686334e+02 2.3748630164326053e+02 0. 0. 1.</data></cam1_intrinsics>
<cam2_intrinsics type_id="opencv-matrix">
  <rows>3</rows>
  <cols>3</cols>
  <dt>d</dt>
  <data>
    8.5412653695726578e+02 0. 3.1963321861783947e+02 0.
    8.5426297926686334e+02 2.4068985305601865e+02 0. 0. 1.</data></cam2_intrinsics>
<cam1_distorsion type_id="opencv-matrix">
  <rows>1</rows>
  <cols>14</cols>
  <dt>d</dt>
  <data>
    -6.8957871150433850e-02 3.1587163567330765e+00 0. 0. 0. 0. 0.
    2.3454750426501182e+01 0. 0. 0. 0. 0. 0.</data></cam1_distorsion>
<cam2_distorsion type_id="opencv-matrix">
  <rows>1</rows>
  <cols>14</cols>
  <dt>d</dt>
  <data>
    1.1024475698973776e-01 -2.3016213429248555e+00 0. 0. 0. 0. 0.
    -1.2890743550021062e+01 0. 0. 0. 0. 0. 0.</data></cam2_distorsion>
<R type_id="opencv-matrix">
  <rows>3</rows>
  <cols>3</cols>
  <dt>d</dt>
  <data>
    9.9977411596702592e-01 -1.3235997611068678e-02
    1.6629053177839560e-02 1.3132040559933954e-02 9.9989363797639152e-01
    6.3452537434773104e-03 -1.6711270241483174e-02
    -6.1254470511667635e-03 9.9984159362638014e-01</data></R>
<T type_id="opencv-matrix">
  <rows>3</rows>
  <cols>1</cols>
  <dt>d</dt>
  <data>
    -7.7247031080099248e+01 -3.9908727450878283e+00
    2.9755015443166712e+00</data></T>
</opencv_storage>
