<?xml version="1.0"?>
<opencv_storage>
<cam1_intrinsics type_id="opencv-matrix">
  <rows>3</rows>
  <cols>3</cols>
  <dt>d</dt>
  <data>
    1.0659905480369257e+02 0. 3.1847114798753546e+02 0.
    7.7650627088599293e+00 2.3564944842175439e+02 0. 0. 1.</data></cam1_intrinsics>
<cam2_intrinsics type_id="opencv-matrix">
  <rows>3</rows>
  <cols>3</cols>
  <dt>d</dt>
  <data>
    2.8770408288089701e+01 0. 3.5793786405418888e+02 0.
    7.8790980646309322e+01 2.3143091052782549e+02 0. 0. 1.</data></cam2_intrinsics>
<cam1_distorsion type_id="opencv-matrix">
  <rows>1</rows>
  <cols>5</cols>
  <dt>d</dt>
  <data>
    -1.2284397640555003e-03 7.5881347100092617e-08
    -1.4515728197526630e-03 1.6821743508239800e-04 0.</data></cam1_distorsion>
<cam2_distorsion type_id="opencv-matrix">
  <rows>1</rows>
  <cols>5</cols>
  <dt>d</dt>
  <data>
    -9.1326946123699033e-03 1.3897383028435804e-05
    -1.0038679559071599e-03 1.2886419360138852e-03 0.</data></cam2_distorsion>
<R type_id="opencv-matrix">
  <rows>3</rows>
  <cols>3</cols>
  <dt>d</dt>
  <data>
    2.1556916222650976e-02 8.5551472008063345e-01 5.1732954979232038e-01
    -7.6615610055488026e-01 3.4656778012626754e-01
    -5.4119830317628614e-01 -6.4229286851522016e-01
    -3.8468862408928384e-01 6.6292875450593014e-01</data></R>
<T type_id="opencv-matrix">
  <rows>3</rows>
  <cols>1</cols>
  <dt>d</dt>
  <data>
    -4.9152635312732817e+00 2.1879493864617814e+01
    2.6276804121090368e+01</data></T>
</opencv_storage>
